TIP NUMERO    FECHA    NUMPUB NUMPRI  DEB. PUB          CRE. PUB          DEB. PRI          CRE. PRI        
011 020140312 20140312 000059 000285  0000101866798.00  0000101716798.00  0000019027251.00  0000019177251.00
011 020140327 20140327 000066 000451  0000519137200.00  0000518887200.00  0000027330897.00  0000027580897.00
011 020140328 20140328 000076 000531  0000783945870.00  0000783795870.00  0000027500396.00  0000027650396.00
011 020140329 20140329 000036 000152  0000219426400.00  0000219276400.00  0000008469606.00  0000008619606.00
011 020140331 20140331 000074 000861  0001328212050.00  0001327472050.00  0000046394287.00  0000047134287.00
020 000004461 20140303 000005 000006  0000028964000.60  0000028964000.00  0000026005236.00  0000026005236.60
020 000004462 20140304 000010 000004  0000034897301.00  0000034792401.00  0000008455722.00  0000008560622.00
020 000004464 20140306 000004 000005  0000056277000.00  0000056616600.00  0000032425794.00  0000032086194.00
020 000004465 20140307 000005 000005  0000047411600.00  0000047072000.00  0000014468930.00  0000014808530.00
020 000004467 20140311 000011 000006  0000055656600.00  0000055506600.00  0000011561019.00  0000011711019.00
020 000004468 20140312 000005 000006  0000072439547.00  0000072889047.00  0000016293243.00  0000015843743.00
020 000004469 20140313 000004 000008  0000083584400.00  0000083284300.00  0000018403551.00  0000018703651.00
020 000004472 20140318 000008 000006  0000105204500.00  0000105114500.00  0000008609752.00  0000008699752.00
020 000004473 20140319 000007 000005  0000104882827.00  0000104973027.00  0000011378701.00  0000011288501.00
020 000004474 20140320 000004 000005  0000158635450.00  0000158635250.00  0000008170541.00  0000008170741.00
020 000004479 20140328 000011 000006  0000482633951.00  0000482935251.00  0000027632397.00  0000027331097.00
020 000004480 20140331 000010 000005  0000728198869.00  0000729260969.00  0000028479646.00  0000027417546.00
020 000004481 20140331 000012 000005  0000501696500.00  0000503055800.00  0000009828906.00  0000008469606.00
030 000015397 20140307 000001 000002  0000000058410.00  0000000000000.00  0000000783855.00  0000000842265.00
030 000015398 20140307 000005 000003  0000000813700.00  0000000000000.00  0000000771400.00  0000001585100.00
030 000015403 20140311 000001 000002  0000000310068.00  0000000000000.00  0000000347276.00  0000000657344.00
030 000015405 20140312 000001 000015  0000004987500.00  0000000000000.00  0000008282100.00  0000013269600.00
030 000015406 20140312 000001 000004  0000000025570.00  0000000000000.00  0000001542013.00  0000001567583.00
030 000015421 20140318 000002 000001  0000010458000.00  0000023127000.00  0000012669000.00  0000000000000.00
030 000015422 20140318 000002 000001  0000010362000.00  0000011158000.00  0000000796000.00  0000000000000.00
030 000015450 20140325 000002 000001  0000003019727.00  0000003247019.00  0000000227292.00  0000000000000.00
030 000015451 20140326 000002 000001  0000033207505.00  0000035327133.00  0000002119628.00  0000000000000.00
030 000015455 20140331 000001 000002  0000000060750.00  0000000000000.00  0000000861300.00  0000000922050.00
030 201419869 20140307 000003 000001  0000007864410.00  0000008075235.00  0000000210825.00  0000000000000.00
030 201419871 20140307 000007 000003  0000003384240.00  0000004236260.00  0000000852020.00  0000000000000.00
030 201419910 20140312 000002 000001  0000000337560.00  0000000636840.00  0000000299280.00  0000000000000.00
030 201419940 20140314 000001 000002  0000000000000.00  0000000318260.00  0000000318260.00  0000000000000.00
030 201419949 20140319 000002 000001  0000003025620.00  0000003218744.00  0000000193124.00  0000000000000.00
030 201419955 20140319 000002 000001  0000000243600.00  0000000273760.00  0000000030160.00  0000000000000.00
030 201420011 20140328 000001 000002  0000000000000.00  0000000318260.00  0000000318260.00  0000000000000.00
103 201400487 20140314 000003 000001  0000000310643.00  0000000360078.00  0000000049435.00  0000000000000.00
103 201400571 20140317 000059 000014  0000001178350.00  0000000000000.00  0000000148320.00  0000001326670.00
103 201400677 20140325 000004 000001  0000001536000.00  0000001588500.00  0000000052500.00  0000000000000.00
110 201403001 20140331 000553 000204  0000259178798.59  0000262903883.37  0000007946077.44  0000004220992.66
124 201400108 20140301 000001 000001  0000000000000.00  0000000001158.00  0000000001158.00  0000000000000.00
124 201400114 20140306 000013 000012  0000055111348.90  0000057097003.00  0000001985654.10  0000000000000.00
124 201400121 20140325 000001 000001  0000000000000.00  0000000300800.00  0000000300800.00  0000000000000.00
124 201400131 20140331 000001 000001  0000000453130.00  0000000000000.00  0000000000000.00  0000000453130.00
124 201400140 20140331 000010 000006  0000002142800.00  0000002426908.88  0000000284108.88  0000000000000.00
124 201400147 20140305 000001 000002  0000000613367.00  0000000000000.00  0000000948666.00  0000001562033.00
